n <- 1000
n